Alameda,144494091000,0.039,1965,682283505,6091,1352542307,365797,232321,7859,3909.11,485.159,41889632,2336522,1078950,179272,53443,32840,9948,58856,1669301,39821,149536,2356,4849,443972,192977,391815,69855,13634,562667,113908,235459,1078207,252195,1082749,261947,489759,95587,31070,822800,25400,0.03,152087,0.093,35658,0.105,Oakland
Alpine,230220000,0.09,4,1256629,0,   -   ,1073,676,34,242,136.195,174729,42243,1821,744,433,71,12,29,1162,24,1162,24,202,6,1,85,22,0,830,39,154,648,305,929,209,319,200,42,520,30,0.046,202,0.181,67,0.353,Markleeville
Amador,1864239000,0.039,172,40249994,0,   -   ,15545,1310,1423,721.52,458.993,1164821,288114,29750,15763,10862,2169,118,596,38294,4362,21774,151,594,454,1024,5311,1021,64,29802,1811,3812,21882,10765,28216,4791,6347,9809,1439,14120,590,0.04,3762,0.109,908,0.157,Jackson
Butte,10332996000,0.024,595,128664970,108,12499351,55404,19294,10749,2140.03,1201.758,5244885,1531569,127993,53777,44843,7095,1214,5824,226466,4970,78702,360,3361,10141,3666,35848,8801,474,166738,15015,31775,138840,43399,171388,30377,42093,41330,7398,97600,5100,0.049,40728,0.181,10208,0.226,Oroville
Calaveras,1642450000,-0.008,112,29518251,0,   -   ,24871,1068,2271,1317.51,1088.255,1144175,423260,38228,20700,15739,3031,197,860,45117,507,41277,460,532,589,371,5114,1320,71,36745,2280,4929,23928,13605,36052,6956,7935,12200,2173,20510,850,0.04,5904,0.131,1590,0.211,San Andreas
Colusa,1721047000,0.136,36,7988274,32,5314636,6153,1244,798,920.33,697.326,1800086,361913,12915,8097,8370,492,57,365,22117,251,10335,61,302,268,166,13215,310,63,8570,1819,4243,13293,3539,12541,2268,2710,3475,367,9550,1420,0.129,2633,0.122,912,0.154,Colusa
Contra Costa,82436416000,0.026,1627,587689613,1280,185988913,309597,99182,7283,3748.41,650.843,24074880,2314335,841902,156856,57906,27527,3880,27551,1155879,10475,173406,860,3333,176305,103842,294840,45537,5245,529600,75329,172284,712517,198572,756140,174686,305850,122364,27144,546800,17800,0.032,103883,0.091,29067,0.112,Martinez
Del Norte,1046680000,0.038,25,7601238,0,   -   ,7177,1622,2553,759.02,222.462,829059,198093,14447,7093,5211,845,137,595,27401,2984,20573,218,1854,989,886,5046,1038,29,17460,1758,3884,16575,5085,17960,3632,4172,4918,943,9410,550,0.055,6113,0.246,1949,0.339,Crescent City
El Dorado,8765718000,0.032,543,184804176,0,   -   ,76620,11242,4125,1617.9,1113.765,4869919,1960478,137800,48803,37855,8526,475,2864,191848,1705,158131,662,1673,7390,1380,25914,5555,272,148159,9960,26654,112044,41685,137976,30066,34739,48494,7727,88300,3300,0.036,15620,0.083,3602,0.096,Placerville
Fresno,47408857000,0.044,2213,632756774,716,71395427,234467,84878,14894,7048.25,3902.035,24466165,5766442,532328,182998,96015,17716,5889,27313,1018241,17628,175561,2123,6610,97763,49562,537390,19553,1219,309297,92179,190819,609436,128960,591840,114277,172730,150470,19193,414900,33400,0.075,205046,0.211,78675,0.283,Fresno
Glenn,1483786000,0.134,49,10774010,10,978000,8194,1591,1525,1211.19,926.818,1387925,289055,16885,10418,9500,846,80,603,29132,327,14513,99,483,713,201,11825,532,21,15684,2323,5113,17222,4801,18502,3197,3547,5375,682,11940,830,0.065,4111,0.148,1528,0.208,Willows
Humboldt,6817827000,0.028,178,32088367,201,7808994,44868,12128,6142,2140.42,1361.623,3637775,882690,79824,40923,26850,4857,571,3957,135333,5527,71930,1090,7091,3241,1611,15153,6004,356,102675,8722,19288,82536,25585,107633,20510,34027,17670,5702,60800,2200,0.036,26262,0.197,6347,0.247,Eureka
Imperial,8444865000,-0.018,274,51908811,126,8506800,37866,12512,7624,3961.16,2765.001,8038633,3087651,126697,44543,24191,3214,645,4293,190266,8613,38033,4020,1689,2407,4683,156971,1141,96,24470,18393,35545,111975,25544,99618,21018,32941,12738,2859,58200,12900,0.181,35830,0.207,14566,0.281,El Centro
Inyo,1346160000,0.008,0,   -   ,0,   -   ,5863,1081,2588,2267.37,1791.404,1797874,617637,13823,7785,5409,983,122,394,18593,404,14694,296,1802,243,117,3958,495,15,11911,1187,2638,10208,4508,13721,2482,3068,3968,607,8390,340,0.039,2087,0.118,648,0.176,Independence
Kern,49514180000,-0.007,2073,436309071,379,52166734,221655,54959,23060,7497.57,4131.597,25361740,5076525,451871,189980,104477,18210,5289,30268,916464,32414,318006,3128,6083,36404,49300,476000,17558,1134,331156,82604,173280,556676,105075,512007,100608,125717,132298,20238,356100,30900,0.08,182948,0.212,74276,0.29,Bakersfield
Kings,6145790000,0.031,294,79924136,58,4477499,36010,8397,2007,1952.43,1392.89,4452632,1328152,70296,27297,14925,2619,784,2701,153710,16204,33693,1967,1329,5390,9762,82410,3610,275,52306,14171,32935,91541,16435,78570,12103,16995,20991,2356,53400,4500,0.077,24810,0.184,9951,0.245,Hanford
Lake,2423297000,0.034,87,17334670,26,4480865,23756,2756,7897,904.74,578.959,1780072,520145,47887,22484,15786,2922,338,1341,65071,1132,45437,535,1654,808,1178,12854,2183,101,46474,4538,9208,36445,15061,49278,9713,12270,8685,2165,27590,1520,0.052,12817,0.202,3905,0.301,Lakeport
Lassen,1487738000,0.013,7,1554989,0,   -   ,9378,1050,2335,1706.48,1065.345,1297243,409344,15536,10013,9376,1037,254,531,30150,7596,15142,1199,845,314,2478,5373,822,151,20577,1844,3457,19950,5309,16873,3500,2817,7035,1024,9430,470,0.048,3790,0.163,940,0.18,Susanville
Los Angeles,787176672000,0.032,5957,2249032158,16052,3277468690,1965018,1545580,58300,21825.86,3200.08,222610547,11856763,6479206,1107381,283930,158309,58567,237814,10253716,183450,1046858,17685,20410,1395377,832355,5114541,213250,24597,2724168,714646,1542152,6548834,1519066,6214113,1553974,2682019,899159,222085,4896500,239800,0.047,1490853,0.149,457665,0.209,Los Angeles
Madera,7201526000,0.066,503,122116839,0,   -   ,41091,5993,3412,2515.94,2111.204,4717693,1293146,81173,34485,25661,3648,896,2969,159536,7404,74375,668,1830,2784,5012,92094,2455,112,55965,13309,28477,94956,23510,88431,14764,18152,22011,2922,57200,4300,0.07,31569,0.212,12075,0.286,Madera
Marin,23648191000,0.046,108,86904652,56,12725000,80104,30298,1992,1280.98,444.53,8024023,1204939,197609,32095,10742,7374,528,4694,262879,8283,69343,5091,600,15521,7027,44751,7704,459,186587,12991,37403,149241,63014,182127,41908,89526,23380,6571,137700,3400,0.024,20222,0.079,4262,0.082,San Rafael
Mariposa,910996000,0.018,34,9381880,2,275233,7254,838,2397,1103.37,962.492,558760,220286,13585,7817,5824,1024,67,211,18068,716,18068,716,471,223,138,1846,552,30,14667,920,1887,9865,5255,14939,2450,3010,4623,674,7260,410,0.053,2641,0.152,600,0.212,Mariposa
Mendocino,4050620000,0.031,140,16896981,0,   -   ,29875,5344,5541,1693.03,1013.925,3457128,1037948,59669,32943,20209,3645,369,1199,89009,1964,59776,883,3595,1495,612,22179,2655,98,58765,6065,12948,50588,19798,64438,12777,23284,9739,3879,38150,1560,0.039,14156,0.163,4230,0.228,Ukiah
Merced,9799550000,-0.007,630,143448750,0,   -   ,66071,15195,5689,3086.07,2232.67,7645950,1651140,146284,55173,29216,4652,1548,6761,282928,7092,96214,5628,1219,20782,9673,163069,5081,562,83887,25109,55649,170962,32553,157445,25546,41741,26607,4377,105800,9600,0.083,61297,0.23,26862,0.337,Merced
Modoc,455169000,0.036,6,1008000,0,   -   ,4055,280,937,1670.18,1193.789,500176,299363,5104,4205,3991,230,51,132,9602,350,6847,309,283,74,75,1436,238,22,7395,529,1264,5140,2590,7307,1133,1048,2425,324,2940,240,0.076,1658,0.192,475,0.297,Alturas
Mono,1144985000,-0.035,64,17276462,7,1451668,5801,7250,1055,1240.88,803.6,1051915,180908,9169,4325,3240,656,41,133,13616,336,5612,178,203,202,43,4025,255,12,9222,839,1984,8913,2226,9472,1973,2289,2026,411,8200,330,0.038,1313,0.093,329,0.126,Bridgeport
Monterey,27423193000,0.027,571,187468648,161,37804550,98131,37149,5727,2427.99,1228.98,10542676,2060660,271794,82703,35765,8425,1750,9030,445414,20470,107946,3662,1431,24224,11226,262600,10096,1940,135947,36909,78750,267555,64250,246162,50486,92437,38251,8256,210000,14000,0.063,49860,0.119,18275,0.162,Salinas
Napa,11316865000,0.052,102,42362621,167,35717855,40418,10961,3801,915.67,471.946,2945997,646798,97007,30934,16334,4086,683,2033,140779,4861,26158,2586,556,9904,2539,49638,3121,333,75014,8224,20117,85376,27388,93704,21458,35404,16939,4074,72400,2200,0.029,9301,0.068,2521,0.086,Napa
Nevada,4761492000,0.029,390,125630422,151,22079339,45612,5196,3176,1247.4,678.04,2860697,635261,72476,29623,24759,5481,250,1289,98904,1195,66579,418,889,1212,409,9687,2625,106,84205,4876,10847,55160,28250,78164,7845,24677,22252,4317,47180,1690,0.035,10889,0.11,2451,0.144,Nevada City
Orange,260484674000,0.028,4085,1258123374,3430,563409352,685476,385169,33519,6409.65,319.438,75480740,1232237,2325038,419266,108784,62380,7362,61590,3222498,50835,129128,768,6881,589727,49330,1147397,84070,9315,1350200,227437,494264,2012439,502780,2013804,453343,529651,541711,63609,1577900,47500,0.029,362109,0.115,108596,0.157,Santa Ana
Placer,24748629000,0.047,1881,641227607,6,883380,135418,27843,4287,2910.36,1653.901,10323105,2097909,292264,81995,50389,13726,688,6324,396691,3986,116170,2102,2491,25785,5138,53693,12179,810,294018,22477,53234,235808,82595,273030,59496,66540,97801,13242,179400,5800,0.031,29873,0.078,6132,0.072,Auburn
Plumas,1206345000,-0.052,41,8700934,0,   -   ,12697,998,2200,1009.91,610.565,871356,363064,14944,9351,7880,973,130,341,19779,297,17803,273,457,142,190,1757,621,18,16311,994,2187,10292,6023,15983,2900,3432,5194,846,7260,590,0.075,2640,0.143,680,0.22,Quincy
Riverside,90768490000,0.035,7676,2127544804,1556,220006052,632023,135513,80315,9397.01,2398.563,56857524,4947755,1443593,387596,164078,50392,7360,60306,2440124,33131,394200,4169,12113,148468,146811,1162158,55285,6736,924582,185670,413228,1478550,378705,1468206,272857,390315,340503,52057,1044600,47800,0.044,309235,0.129,98029,0.162,Riverside
Sacramento,96628861000,0.033,3578,944730796,1089,133845695,407008,152535,14906,4904.97,2042.798,35843199,8978223,965955,217308,102057,32674,6917,35430,1546174,23011,594216,6924,8822,223884,154814,356886,70916,15511,722619,118239,245872,965570,223771,1007281,211566,328290,196804,42271,683500,27000,0.038,213232,0.141,65306,0.182,Sacramento
San Benito,2759377000,0.005,551,173757439,2,631259,15977,2565,853,645.22,432.584,1560221,365741,40470,15892,8465,2489,149,667,62296,436,20066,195,256,1600,464,35453,1036,84,22889,4380,9710,39059,8633,34141,7977,13834,7874,1300,29300,1600,0.051,5029,0.084,1824,0.119,Hollister
San Bernardino,96340623000,0.032,3915,952758914,1662,238545880,539708,140115,43960,11718.51,2738.892,59199674,3364293,1305970,360132,172258,44941,10577,52072,2192203,37013,312654,4058,9015,137980,185107,1125926,48900,6447,687051,181920,397651,1354200,266655,1327030,254778,373846,278145,52068,922300,38800,0.04,339748,0.16,129269,0.23,San Bernardino
San Diego,245138815000,0.041,3489,1142661996,6345,1067514841,726941,446284,46235,9120.59,1962.225,81253403,5459613,2254775,476128,175271,86580,11379,56495,3351786,109789,515403,25078,15324,360173,161578,1149123,108674,14844,1557657,258743,544174,2055314,509142,2214593,552538,623925,475149,91185,1539500,52700,0.033,385479,0.119,112637,0.157,San Diego
San Francisco,183171673000,0.074,28,7592371,5150,994039568,125465,273305,602,994.41,885.404,9648729,5403352,408998,53668,8318,22004,6290,50356,883869,25803,0,,2102,284464,46647,136733,31679,3443,390250,51024,82949,608141,153204,654080,162219,280182,31823,18314,562000,13500,0.024,87314,0.101,14234,0.123,San Francisco
San Joaquin,32328427000,0.044,2920,940995953,360,62807833,192517,45243,8761,3629.91,1701.439,18586806,3140995,447232,135641,85319,15168,5950,22123,770385,15827,159808,5434,3575,109101,56396,312861,25802,3813,258382,61455,139083,468320,101072,452747,90030,143400,99566,15654,306800,19600,0.06,113375,0.155,43313,0.216,Stockton
San Luis Obispo,18520901000,0.025,692,221713347,358,48593153,89963,22010,10837,2568.33,1354.88,8973847,1656165,188297,66406,44932,10959,746,5569,280393,16186,121855,12620,1475,8968,5274,63673,6705,375,194567,15203,35749,167786,62299,209660,42875,58493,58641,9048,136800,4200,0.029,31826,0.119,6083,0.123,San Luis Obispo
San Mateo,114862990000,0.052,320,298309228,796,155767130,182070,94005,3173,2246.96,350.43,18793989,715567,644385,88358,19888,17235,1797,14439,774485,9408,66027,1862,1316,196942,19839,203789,27692,11193,319125,51795,110606,479620,137875,505743,126738,202341,60045,14875,444900,10000,0.022,48795,0.064,11102,0.07,Redwood City
Santa Barbara,30191620000,0.037,631,170852477,297,34009053,103840,48138,8133,1986.57,805.23,9600051,1214263,279464,81723,32296,12624,1493,7633,454593,20286,144503,14108,1939,21742,7921,209855,10078,800,204179,33784,69285,283123,70322,292740,60238,91696,55251,9926,208300,8400,0.039,60921,0.142,16917,0.174,Santa Barbara
Santa Clara,328260759000,0.102,1915,727386673,6276,1121659484,416037,236478,18924,4664.03,619.768,41525239,3048057,1403021,196029,61060,39349,6155,45406,1954286,30214,88368,6878,4651,648474,46867,540956,63110,7015,665572,135848,304577,1240251,295969,1197177,308769,405470,151213,29743,1021500,27300,0.026,142603,0.075,34255,0.081,San Jose
Santa Cruz,15310247000,0.018,238,41333541,188,18540593,76250,22690,6922,1060.16,587.915,5058468,1366545,180901,51951,19844,10464,989,7530,274871,14663,133721,1842,1053,11682,2514,96384,7594,327,157484,17218,41638,169910,48272,190154,43480,87412,22129,7268,135600,7000,0.049,33262,0.126,7223,0.137,Santa Cruz
Shasta,8723326000,0.003,306,78562243,0,   -   ,56804,12631,8592,2356.36,1235.931,5283693,816982,109466,50596,48205,7411,1163,5131,178773,2889,65228,559,4304,4902,1682,16890,6402,265,144336,12394,25860,103226,37301,134587,25629,23139,46382,5966,70500,3700,0.049,30155,0.17,8635,0.229,Redding
Sierra,226271000,0.124,6,1991148,0,   -   ,2149,106,97,759.67,544.988,428440,176620,2531,1631,1194,179,5,22,3213,33,2469,2,45,14,6,284,66,3,2727,158,307,1645,1035,2628,502,596,872,179,1200,80,0.06,404,0.137,93,0.202,Downieville
Siskiyou,1940815000,-0.02,50,12876208,4,479982,17357,3245,3598,2645.43,1319.248,2545322,691805,30060,18272,14845,1907,180,654,44584,604,24530,203,1590,597,553,5271,1949,79,34062,2714,5831,23825,11731,34565,6806,8152,10466,2057,16240,1160,0.067,7679,0.177,2238,0.257,Yreka
Solano,26440606000,0.02,954,238449433,36,3310000,121353,33620,4613,1941.18,565.563,13631510,571506,300122,74699,41827,13049,2110,11894,441307,11462,19580,197,1996,63117,62402,115395,23716,3570,174311,31243,68539,270594,74131,293433,66558,106452,50006,11507,201600,8200,0.039,43352,0.1,13687,0.14,Fairfield
Sonoma,31959962000,0.042,3169,1045854835,110,20000627,152752,40771,11453,2655.41,1367.56,12131831,2742896,345727,113446,57174,17261,1985,7167,500675,10149,141781,5282,3710,19552,7745,134378,13658,1562,323894,27894,66644,303694,106267,352800,70244,143054,49386,13815,255200,7200,0.027,46165,0.093,10726,0.109,Santa Rosa
Stanislaus,25133925000,0.053,684,132316956,75,23451492,144015,29890,8609,3113.21,1635.377,11992703,3107644,317403,112875,66006,12138,3160,15300,558972,6641,118046,1475,2987,27862,14680,251935,14981,3357,245339,46199,99739,340071,75132,343027,58259,92669,86375,12220,227900,15600,0.064,75614,0.14,27296,0.186,Modesto
Sutter,3831491000,0.048,97,30073235,0,   -   ,25981,6895,1522,1117.78,782.933,2601790,502114,57442,25238,20742,2306,328,2495,97490,760,21114,60,965,14702,1858,30919,3288,293,47518,7873,16795,59579,15296,60520,11870,13715,18102,2492,42100,3400,0.075,12628,0.132,4521,0.182,Yuba City
Tehama,2421320000,0.052,128,30314829,16,1658640,18222,3120,6313,1625.32,1106.452,2485432,489093,34843,19433,18725,1906,267,1616,64387,854,42136,374,1250,671,375,15913,1811,66,44665,4810,10202,37118,12621,43820,8626,8277,14138,2209,24180,1450,0.057,12718,0.201,4363,0.29,Red Bluff
Trinity,570541000,0.028,55,7599245,0,   -   ,6077,616,2249,1880.91,627.567,696563,113269,8209,5807,4997,661,79,257,13688,391,13688,391,553,108,52,1093,574,16,11011,714,1554,7029,4110,11277,1438,2351,2409,774,4440,270,0.057,2529,0.203,671,0.321,Weaverville
Tulare,19137922000,0.036,1206,259018237,322,33404986,118137,21836,10649,5115.22,3571.1,10897671,2802179,236894,101098,53479,8551,1587,11682,479112,4665,144741,1429,3492,15316,5892,304967,6567,432,145138,44207,99296,280429,57872,264686,43488,52751,65388,8459,184900,19600,0.096,110299,0.24,45371,0.319,Visalia
Tuolumne,2768973000,-0.049,68,15499105,0,   -   ,25477,2671,3476,1279.62,877.278,1844605,846620,40806,21163,13980,3080,197,985,54590,3488,49713,3187,814,598,990,6084,1452,64,42762,2752,5789,29380,14843,40793,7915,9208,13125,1840,20360,980,0.046,6205,0.122,1558,0.175,Sonora
Ventura,59631268000,0.013,625,188350041,579,97528999,216468,61829,11350,2963.65,529.963,18710717,1400993,596659,140974,50572,24436,2048,14659,856598,11206,96377,3850,2506,57414,13618,368909,19576,1422,395900,58505,134554,526694,139592,550267,116121,179483,132378,22107,409700,16100,0.038,80217,0.095,25607,0.132,Ventura
Yolo,15336770000,0.03,391,121791670,385,66696678,51055,23077,3547,1561.18,836.264,6225384,660564,122622,36983,25143,4284,674,5793,222581,13203,31200,10569,1257,30834,5457,70582,7983,1080,107362,14660,36408,144258,29229,150896,31752,52995,21798,5730,104000,4600,0.042,36761,0.175,6447,0.141,Woodland
Yuba,3391514000,0.012,373,88963487,6,576176,20699,5020,2931,859.93,714.753,1934475,840011,41347,16227,12479,2370,341,1856,77916,1119,61586,513,1289,5487,2328,20783,3647,279,44427,7079,14358,46727,10076,48385,9999,9076,12158,2591,27200,1900,0.064,11609,0.153,4556,0.219,Marysville